   0.02000000   0.99980027  -0.01996571
   0.04000000   0.99920210  -0.03984438
   0.06000000   0.99820729  -0.05962842
   0.08000000   0.99681781  -0.07931030
   0.10000000   0.99503579  -0.09888258
   0.12000000   0.99286348  -0.11833786
   0.14000000   0.99030331  -0.13766884
   0.16000000   0.98735782  -0.15686830
   0.18000000   0.98402973  -0.17592909
   0.20000000   0.98032187  -0.19484414
   0.22000000   0.97623724  -0.21360649
   0.24000000   0.97177894  -0.23220924
   0.26000000   0.96695025  -0.25064559
   0.28000000   0.96175456  -0.26890885
   0.30000000   0.95619539  -0.28699241
   0.32000000   0.95027641  -0.30488975
   0.34000000   0.94400141  -0.32259447
   0.36000000   0.93737429  -0.34010026
   0.38000000   0.93039911  -0.35740092
   0.40000000   0.92308001  -0.37449035
   0.42000000   0.91542130  -0.39136257
   0.44000000   0.90742737  -0.40801169
   0.46000000   0.89910274  -0.42443195
   0.48000000   0.89045205  -0.44061770
   0.50000000   0.88148003  -0.45656341
   0.52000000   0.87219155  -0.47226366
   0.54000000   0.86259158  -0.48771315
   0.56000000   0.85268516  -0.50290671
   0.58000000   0.84247748  -0.51783928
   0.60000000   0.83197381  -0.53250593
   0.62000000   0.82117950  -0.54690187
   0.64000000   0.81010002  -0.56102240
   0.66000000   0.79874094  -0.57486299
   0.68000000   0.78710787  -0.58841921
   0.70000000   0.77520657  -0.60168679
   0.72000000   0.76304284  -0.61466156
   0.74000000   0.75062258  -0.62733950
   0.76000000   0.73795177  -0.63971672
   0.78000000   0.72503645  -0.65178949
   0.80000000   0.71188276  -0.66355416
   0.82000000   0.69849688  -0.67500728
   0.84000000   0.68488509  -0.68614551
   0.86000000   0.67105371  -0.69696563
   0.88000000   0.65700914  -0.70746459
   0.90000000   0.64275783  -0.71763947
   0.92000000   0.62830628  -0.72748749
   0.94000000   0.61366107  -0.73700600
   0.96000000   0.59882881  -0.74619253
   0.98000000   0.58381616  -0.75504470
   1.00000000   0.56862983  -0.76356032
   1.02000000   0.55327657  -0.77173731
   1.04000000   0.53776317  -0.77957374
   1.06000000   0.52209647  -0.78706785
   1.08000000   0.50628333  -0.79421798
   1.10000000   0.49033063  -0.80102265
   1.12000000   0.47424531  -0.80748051
   1.14000000   0.45803431  -0.81359036
   1.16000000   0.44170460  -0.81935112
   1.18000000   0.42526318  -0.82476189
   1.20000000   0.40871705  -0.82982189
   1.22000000   0.39207324  -0.83453048
   1.24000000   0.37533877  -0.83888718
   1.26000000   0.35852068  -0.84289165
   1.28000000   0.34162604  -0.84654367
   1.30000000   0.32466188  -0.84984319
   1.32000000   0.30763525  -0.85279028
   1.34000000   0.29055320  -0.85538516
   1.36000000   0.27342277  -0.85762820
   1.38000000   0.25625100  -0.85951989
   1.40000000   0.23904490  -0.86106085
   1.42000000   0.22181148  -0.86225188
   1.44000000   0.20455773  -0.86309388
   1.46000000   0.18729063  -0.86358789
   1.48000000   0.17001711  -0.86373509
   1.50000000   0.15274410  -0.86353681
   1.52000000   0.13547850  -0.86299448
   1.54000000   0.11822718  -0.86210969
   1.56000000   0.10099696  -0.86088414
   1.58000000   0.08379464  -0.85931968
   1.60000000   0.06662698  -0.85741827
   1.62000000   0.04950070  -0.85518200
   1.64000000   0.03242247  -0.85261310
   1.66000000   0.01539893  -0.84971390
   1.68000000  -0.00156335  -0.84648688
   1.70000000  -0.01845784  -0.84293461
   1.72000000  -0.03527805  -0.83905982
   1.74000000  -0.05201757  -0.83486531
   1.76000000  -0.06867002  -0.83035403
   1.78000000  -0.08522911  -0.82552904
   1.80000000  -0.10168859  -0.82039351
   1.82000000  -0.11804229  -0.81495071
   1.84000000  -0.13428409  -0.80920404
   1.86000000  -0.15040795  -0.80315699
   1.88000000  -0.16640790  -0.79681317
   1.90000000  -0.18227803  -0.79017629
   1.92000000  -0.19801254  -0.78325016
   1.94000000  -0.21360566  -0.77603869
   1.96000000  -0.22905174  -0.76854589
   1.98000000  -0.24434519  -0.76077586
   2.00000000  -0.25948050  -0.75273281
   2.02000000  -0.27445226  -0.74442103
   2.04000000  -0.28925513  -0.73584489
   2.06000000  -0.30388389  -0.72700889
   2.08000000  -0.31833336  -0.71791756
   2.10000000  -0.33259850  -0.70857556
   2.12000000  -0.34667433  -0.69898760
   2.14000000  -0.36055599  -0.68915849
   2.16000000  -0.37423870  -0.67909310
   2.18000000  -0.38771779  -0.66879640
   2.20000000  -0.40098867  -0.65827341
   2.22000000  -0.41404688  -0.64752923
   2.24000000  -0.42688804  -0.63656903
   2.26000000  -0.43950788  -0.62539803
   2.28000000  -0.45190225  -0.61402154
   2.30000000  -0.46406708  -0.60244490
   2.32000000  -0.47599842  -0.59067354
   2.34000000  -0.48769244  -0.57871293
   2.36000000  -0.49914541  -0.56656858
   2.38000000  -0.51035370  -0.55424609
   2.40000000  -0.52131381  -0.54175107
   2.42000000  -0.53202235  -0.52908920
   2.44000000  -0.54247604  -0.51626620
   2.46000000  -0.55267170  -0.50328782
   2.48000000  -0.56260630  -0.49015986
   2.50000000  -0.57227690  -0.47688815
   2.52000000  -0.58168068  -0.46347857
   2.54000000  -0.59081494  -0.44993702
   2.56000000  -0.59967711  -0.43626942
   2.58000000  -0.60826472  -0.42248173
   2.60000000  -0.61657542  -0.40857994
   2.62000000  -0.62460701  -0.39457004
   2.64000000  -0.63235737  -0.38045807
   2.66000000  -0.63982453  -0.36625005
   2.68000000  -0.64700663  -0.35195204
   2.70000000  -0.65390191  -0.33757012
   2.72000000  -0.66050878  -0.32311034
   2.74000000  -0.66682573  -0.30857881
   2.76000000  -0.67285138  -0.29398159
   2.78000000  -0.67858450  -0.27932479
   2.80000000  -0.68402393  -0.26461449
   2.82000000  -0.68916868  -0.24985678
   2.84000000  -0.69401786  -0.23505773
   2.86000000  -0.69857069  -0.22022343
   2.88000000  -0.70282655  -0.20535992
   2.90000000  -0.70678490  -0.19047328
   2.92000000  -0.71044534  -0.17556952
   2.94000000  -0.71380758  -0.16065468
   2.96000000  -0.71687148  -0.14573475
   2.98000000  -0.71963698  -0.13081570
   3.00000000  -0.72210416  -0.11590350
   3.02000000  -0.72427323  -0.10100406
   3.04000000  -0.72614448  -0.08612330
   3.06000000  -0.72771836  -0.07126707
   3.08000000  -0.72899542  -0.05644122
   3.10000000  -0.72997631  -0.04165153
   3.12000000  -0.73066183  -0.02690379
   3.14000000  -0.73105286  -0.01220370
   3.16000000  -0.73115042   0.00244305
   3.18000000  -0.73095563   0.01703083
   3.20000000  -0.73046972   0.03155403
   3.22000000  -0.72969405   0.04600713
   3.24000000  -0.72863007   0.06038461
   3.26000000  -0.72727934   0.07468105
   3.28000000  -0.72564354   0.08889105
   3.30000000  -0.72372446   0.10300929
   3.32000000  -0.72152398   0.11703048
   3.34000000  -0.71904409   0.13094942
   3.36000000  -0.71628690   0.14476095
   3.38000000  -0.71325459   0.15845997
   3.40000000  -0.70994948   0.17204148
   3.42000000  -0.70637395   0.18550049
   3.44000000  -0.70253052   0.19883214
   3.46000000  -0.69842177   0.21203160
   3.48000000  -0.69405040   0.22509412
   3.50000000  -0.68941918   0.23801502
   3.52000000  -0.68453101   0.25078971
   3.54000000  -0.67938885   0.26341367
   3.56000000  -0.67399576   0.27588246
   3.58000000  -0.66835488   0.28819170
   3.60000000  -0.66246946   0.30033711
   3.62000000  -0.65634280   0.31231450
   3.64000000  -0.64997831   0.32411974
   3.66000000  -0.64337948   0.33574881
   3.68000000  -0.63654986   0.34719775
   3.70000000  -0.62949310   0.35846272
   3.72000000  -0.62221291   0.36953993
   3.74000000  -0.61471310   0.38042571
   3.76000000  -0.60699751   0.39111647
   3.78000000  -0.59907009   0.40160872
   3.80000000  -0.59093484   0.41189904
   3.82000000  -0.58259584   0.42198414
   3.84000000  -0.57405721   0.43186079
   3.86000000  -0.56532317   0.44152588
   3.88000000  -0.55639797   0.45097638
   3.90000000  -0.54728593   0.46020938
   3.92000000  -0.53799143   0.46922204
   3.94000000  -0.52851890   0.47801164
   3.96000000  -0.51887284   0.48657555
   3.98000000  -0.50905778   0.49491126
   4.00000000  -0.49907832   0.50301632
   4.02000000  -0.48893907   0.51088842
   4.04000000  -0.47864474   0.51852534
   4.06000000  -0.46820004   0.52592496
   4.08000000  -0.45760973   0.53308527
   4.10000000  -0.44687864   0.54000435
   4.12000000  -0.43601158   0.54668039
   4.14000000  -0.42501346   0.55311170
   4.16000000  -0.41388917   0.55929666
   4.18000000  -0.40264366   0.56523380
   4.20000000  -0.39128189   0.57092172
   4.22000000  -0.37980888   0.57635913
   4.24000000  -0.36822963   0.58154486
   4.26000000  -0.35654919   0.58647782
   4.28000000  -0.34477263   0.59115706
   4.30000000  -0.33290503   0.59558171
   4.32000000  -0.32095149   0.59975101
   4.34000000  -0.30891712   0.60366431
   4.36000000  -0.29680705   0.60732105
   4.38000000  -0.28462642   0.61072080
   4.40000000  -0.27238037   0.61386321
   4.42000000  -0.26007404   0.61674805
   4.44000000  -0.24771259   0.61937518
   4.46000000  -0.23530118   0.62174459
   4.48000000  -0.22284496   0.62385633
   4.50000000  -0.21034907   0.62571059
   4.52000000  -0.19781868   0.62730765
   4.54000000  -0.18525891   0.62864789
   4.56000000  -0.17267490   0.62973178
   4.58000000  -0.16007177   0.63055993
   4.60000000  -0.14745463   0.63113299
   4.62000000  -0.13482857   0.63145176
   4.64000000  -0.12219867   0.63151712
   4.66000000  -0.10956999   0.63133004
   4.68000000  -0.09694756   0.63089160
   4.70000000  -0.08433641   0.63020297
   4.72000000  -0.07174152   0.62926541
   4.74000000  -0.05916785   0.62808028
   4.76000000  -0.04662036   0.62664905
   4.78000000  -0.03410393   0.62497324
   4.80000000  -0.02162345   0.62305451
   4.82000000  -0.00918376   0.62089458
   4.84000000   0.00321034   0.61849526
   4.86000000   0.01555407   0.61585847
   4.88000000   0.02784271   0.61298619
   4.90000000   0.04007157   0.60988051
   4.92000000   0.05223601   0.60654359
   4.94000000   0.06433141   0.60297768
   4.96000000   0.07635322   0.59918511
   4.98000000   0.08829694   0.59516829
   5.00000000   0.10015811   0.59092971
   5.02000000   0.11193230   0.58647195
   5.04000000   0.12361518   0.58179765
   5.06000000   0.13520243   0.57690954
   5.08000000   0.14668980   0.57181041
   5.10000000   0.15807311   0.56650314
   5.12000000   0.16934822   0.56099067
   5.14000000   0.18051105   0.55527601
   5.16000000   0.19155760   0.54936225
   5.18000000   0.20248391   0.54325254
   5.20000000   0.21328609   0.53695009
   5.22000000   0.22396033   0.53045818
   5.24000000   0.23450287   0.52378016
   5.26000000   0.24491001   0.51691942
   5.28000000   0.25517815   0.50987944
   5.30000000   0.26530373   0.50266373
   5.32000000   0.27528327   0.49527587
   5.34000000   0.28511336   0.48771950
   5.36000000   0.29479067   0.47999828
   5.38000000   0.30431195   0.47211598
   5.40000000   0.31367400   0.46407636
   5.42000000   0.32287372   0.45588326
   5.44000000   0.33190808   0.44754056
   5.46000000   0.34077413   0.43905219
   5.48000000   0.34946899   0.43042211
   5.50000000   0.35798986   0.42165433
   5.52000000   0.36633405   0.41275289
   5.54000000   0.37449890   0.40372188
   5.56000000   0.38248188   0.39456543
   5.58000000   0.39028051   0.38528767
   5.60000000   0.39789241   0.37589280
   5.62000000   0.40531528   0.36638503
   5.64000000   0.41254690   0.35676860
   5.66000000   0.41958515   0.34704780
   5.68000000   0.42642798   0.33722690
   5.70000000   0.43307343   0.32731023
   5.72000000   0.43951962   0.31730213
   5.74000000   0.44576479   0.30720696
   5.76000000   0.45180721   0.29702909
   5.78000000   0.45764530   0.28677292
   5.80000000   0.46327751   0.27644284
   5.82000000   0.46870243   0.26604329
   5.84000000   0.47391870   0.25557868
   5.86000000   0.47892507   0.24505345
   5.88000000   0.48372037   0.23447204
   5.90000000   0.48830352   0.22383891
   5.92000000   0.49267353   0.21315851
   5.94000000   0.49682950   0.20243528
   5.96000000   0.50077062   0.19167367
   5.98000000   0.50449617   0.18087814
   6.00000000   0.50800550   0.17005314
   6.02000000   0.51129808   0.15920310
   6.04000000   0.51437345   0.14833245
   6.06000000   0.51723125   0.13744561
   6.08000000   0.51987118   0.12654700
   6.10000000   0.52229306   0.11564102
   6.12000000   0.52449680   0.10473205
   6.14000000   0.52648236   0.09382446
   6.16000000   0.52824982   0.08292259
   6.18000000   0.52979934   0.07203078
   6.20000000   0.53113117   0.06115335
   6.22000000   0.53224563   0.05029456
   6.24000000   0.53314314   0.03945870
   6.26000000   0.53382421   0.02864998
   6.28000000   0.53428940   0.01787263
   6.30000000   0.53453941   0.00713082
   6.32000000   0.53457497  -0.00357130
   6.34000000   0.53439692  -0.01422961
   6.36000000   0.53400618  -0.02484003
   6.38000000   0.53340375  -0.03539852
   6.40000000   0.53259071  -0.04590106
   6.42000000   0.53156821  -0.05634368
   6.44000000   0.53033749  -0.06672245
   6.46000000   0.52889987  -0.07703347
   6.48000000   0.52725675  -0.08727290
   6.50000000   0.52540959  -0.09743694
   6.52000000   0.52335993  -0.10752181
   6.54000000   0.52110940  -0.11752382
   6.56000000   0.51865970  -0.12743928
   6.58000000   0.51601258  -0.13726459
   6.60000000   0.51316990  -0.14699618
   6.62000000   0.51013355  -0.15663054
   6.64000000   0.50690551  -0.16616419
   6.66000000   0.50348785  -0.17559374
   6.68000000   0.49988266  -0.18491583
   6.70000000   0.49609213  -0.19412717
   6.72000000   0.49211852  -0.20322451
   6.74000000   0.48796413  -0.21220467
   6.76000000   0.48363134  -0.22106453
   6.78000000   0.47912258  -0.22980103
   6.80000000   0.47444035  -0.23841117
   6.82000000   0.46958721  -0.24689201
   6.84000000   0.46456577  -0.25524068
   6.86000000   0.45937870  -0.26345436
   6.88000000   0.45402874  -0.27153032
   6.90000000   0.44851866  -0.27946586
   6.92000000   0.44285130  -0.28725839
   6.94000000   0.43702954  -0.29490535
   6.96000000   0.43105632  -0.30240426
   6.98000000   0.42493462  -0.30975272
   7.00000000   0.41866748  -0.31694839
   7.02000000   0.41225798  -0.32398901
   7.04000000   0.40570923  -0.33087236
   7.06000000   0.39902441  -0.33759634
   7.08000000   0.39220672  -0.34415887
   7.10000000   0.38525942  -0.35055799
   7.12000000   0.37818578  -0.35679179
   7.14000000   0.37098914  -0.36285842
   7.16000000   0.36367285  -0.36875614
   7.18000000   0.35624032  -0.37448324
   7.20000000   0.34869496  -0.38003813
   7.22000000   0.34104024  -0.38541926
   7.24000000   0.33327965  -0.39062518
   7.26000000   0.32541670  -0.39565450
   7.28000000   0.31745495  -0.40050591
   7.30000000   0.30939796  -0.40517817
   7.32000000   0.30124933  -0.40967014
   7.34000000   0.29301267  -0.41398073
   7.36000000   0.28469162  -0.41810894
   7.38000000   0.27628984  -0.42205384
   7.40000000   0.26781100  -0.42581459
   7.42000000   0.25925879  -0.42939040
   7.44000000   0.25063693  -0.43278059
   7.46000000   0.24194912  -0.43598454
   7.48000000   0.23319910  -0.43900170
   7.50000000   0.22439061  -0.44183161
   7.52000000   0.21552740  -0.44447389
   7.54000000   0.20661322  -0.44692821
   7.56000000   0.19765184  -0.44919434
   7.58000000   0.18864702  -0.45127213
   7.60000000   0.17960253  -0.45316149
   7.62000000   0.17052213  -0.45486241
   7.64000000   0.16140960  -0.45637495
   7.66000000   0.15226870  -0.45769927
   7.68000000   0.14310320  -0.45883558
   7.70000000   0.13391684  -0.45978416
   7.72000000   0.12471339  -0.46054538
   7.74000000   0.11549659  -0.46111969
   7.76000000   0.10627016  -0.46150758
   7.78000000   0.09703783  -0.46170965
   7.80000000   0.08780332  -0.46172655
   7.82000000   0.07857031  -0.46155901
   7.84000000   0.06934249  -0.46120781
   7.86000000   0.06012352  -0.46067384
   7.88000000   0.05091705  -0.45995803
   7.90000000   0.04172670  -0.45906138
   7.92000000   0.03255609  -0.45798497
   7.94000000   0.02340879  -0.45672994
   7.96000000   0.01428837  -0.45529750
   7.98000000   0.00519836  -0.45368892
   8.00000000  -0.00385773  -0.45190554
   8.02000000  -0.01287641  -0.44994877
   8.04000000  -0.02185425  -0.44782007
   8.06000000  -0.03078780  -0.44552098
   8.08000000  -0.03967368  -0.44305309
   8.10000000  -0.04850853  -0.44041805
   8.12000000  -0.05728902  -0.43761758
   8.14000000  -0.06601187  -0.43465345
   8.16000000  -0.07467381  -0.43152749
   8.18000000  -0.08327163  -0.42824159
   8.20000000  -0.09180216  -0.42479769
   8.22000000  -0.10026224  -0.42119781
   8.24000000  -0.10864879  -0.41744399
   8.26000000  -0.11695873  -0.41353833
   8.28000000  -0.12518907  -0.40948301
   8.30000000  -0.13333683  -0.40528024
   8.32000000  -0.14139907  -0.40093227
   8.34000000  -0.14937292  -0.39644142
   8.36000000  -0.15725556  -0.39181004
   8.38000000  -0.16504417  -0.38704055
   8.40000000  -0.17273605  -0.38213539
   8.42000000  -0.18032848  -0.37709706
   8.44000000  -0.18781884  -0.37192810
   8.46000000  -0.19520454  -0.36663109
   8.48000000  -0.20248304  -0.36120865
   8.50000000  -0.20965186  -0.35566345
   8.52000000  -0.21670857  -0.34999818
   8.54000000  -0.22365081  -0.34421558
   8.56000000  -0.23047624  -0.33831844
   8.58000000  -0.23718261  -0.33230954
   8.60000000  -0.24376772  -0.32619175
   8.62000000  -0.25022940  -0.31996793
   8.64000000  -0.25656557  -0.31364098
   8.66000000  -0.26277420  -0.30721384
   8.68000000  -0.26885332  -0.30068948
   8.70000000  -0.27480100  -0.29407088
   8.72000000  -0.28061539  -0.28736107
   8.74000000  -0.28629470  -0.28056308
   8.76000000  -0.29183720  -0.27367997
   8.78000000  -0.29724122  -0.26671483
   8.80000000  -0.30250514  -0.25967077
   8.82000000  -0.30762742  -0.25255091
   8.84000000  -0.31260657  -0.24535840
   8.86000000  -0.31744117  -0.23809640
   8.88000000  -0.32212987  -0.23076807
   8.90000000  -0.32667137  -0.22337662
   8.92000000  -0.33106444  -0.21592523
   8.94000000  -0.33530791  -0.20841713
   8.96000000  -0.33940068  -0.20085554
   8.98000000  -0.34334171  -0.19324369
   9.00000000  -0.34713003  -0.18558481
   9.02000000  -0.35076474  -0.17788215
   9.04000000  -0.35424498  -0.17013897
   9.06000000  -0.35756998  -0.16235850
   9.08000000  -0.36073904  -0.15454402
   9.10000000  -0.36375149  -0.14669877
   9.12000000  -0.36660676  -0.13882600
   9.14000000  -0.36930432  -0.13092898
   9.16000000  -0.37184374  -0.12301094
   9.18000000  -0.37422461  -0.11507514
   9.20000000  -0.37644662  -0.10712482
   9.22000000  -0.37850951  -0.09916319
   9.24000000  -0.38041308  -0.09119350
   9.26000000  -0.38215721  -0.08321896
   9.28000000  -0.38374183  -0.07524276
   9.30000000  -0.38516693  -0.06726810
   9.32000000  -0.38643259  -0.05929817
   9.34000000  -0.38753893  -0.05133611
   9.36000000  -0.38848613  -0.04338508
   9.38000000  -0.38927445  -0.03544822
   9.40000000  -0.38990420  -0.02752863
   9.42000000  -0.39037576  -0.01962940
   9.44000000  -0.39068957  -0.01175362
   9.46000000  -0.39084613  -0.00390434
   9.48000000  -0.39084599   0.00391542
   9.50000000  -0.39068978   0.01170265
   9.52000000  -0.39037818   0.01945437
   9.54000000  -0.38991193   0.02716762
   9.56000000  -0.38929182   0.03483949
   9.58000000  -0.38851872   0.04246705
   9.60000000  -0.38759353   0.05004746
   9.62000000  -0.38651723   0.05757786
   9.64000000  -0.38529085   0.06505545
   9.66000000  -0.38391548   0.07247745
   9.68000000  -0.38239224   0.07984112
   9.70000000  -0.38072234   0.08714374
   9.72000000  -0.37890702   0.09438265
   9.74000000  -0.37694759   0.10155520
   9.76000000  -0.37484539   0.10865880
   9.78000000  -0.37260183   0.11569087
   9.80000000  -0.37021837   0.12264890
   9.82000000  -0.36769651   0.12953040
   9.84000000  -0.36503781   0.13633293
   9.86000000  -0.36224387   0.14305408
   9.88000000  -0.35931635   0.14969148
   9.90000000  -0.35625693   0.15624283
   9.92000000  -0.35306737   0.16270585
   9.94000000  -0.34974945   0.16907829
   9.96000000  -0.34630501   0.17535799
   9.98000000  -0.34273592   0.18154279
  10.00000000  -0.33904411   0.18763061
  10.02000000  -0.33523152   0.19361940
  10.04000000  -0.33130017   0.19950715
  10.06000000  -0.32725210   0.20529193
  10.08000000  -0.32308937   0.21097181
  10.10000000  -0.31881411   0.21654496
  10.12000000  -0.31442848   0.22200957
  10.14000000  -0.30993465   0.22736388
  10.16000000  -0.30533485   0.23260620
  10.18000000  -0.30063135   0.23773488
  10.20000000  -0.29582642   0.24274832
  10.22000000  -0.29092239   0.24764496
  10.24000000  -0.28592161   0.25242333
  10.26000000  -0.28082645   0.25708197
  10.28000000  -0.27563934   0.26161951
  10.30000000  -0.27036269   0.26603461
  10.32000000  -0.26499898   0.27032600
  10.34000000  -0.25955069   0.27449244
  10.36000000  -0.25402034   0.27853277
  10.38000000  -0.24841044   0.28244588
  10.40000000  -0.24272357   0.28623071
  10.42000000  -0.23696229   0.28988625
  10.44000000  -0.23112920   0.29341156
  10.46000000  -0.22522692   0.29680574
  10.48000000  -0.21925807   0.30006796
  10.50000000  -0.21322531   0.30319744
  10.52000000  -0.20713129   0.30619345
  10.54000000  -0.20097869   0.30905533
  10.56000000  -0.19477020   0.31178247
  10.58000000  -0.18850852   0.31437430
  10.60000000  -0.18219636   0.31683033
  10.62000000  -0.17583644   0.31915012
  10.64000000  -0.16943149   0.32133328
  10.66000000  -0.16298425   0.32337948
  10.68000000  -0.15649746   0.32528845
  10.70000000  -0.14997386   0.32705996
  10.72000000  -0.14341621   0.32869385
  10.74000000  -0.13682725   0.33019002
  10.76000000  -0.13020975   0.33154842
  10.78000000  -0.12356646   0.33276903
  10.80000000  -0.11690014   0.33385194
  10.82000000  -0.11021353   0.33479724
  10.84000000  -0.10350939   0.33560511
  10.86000000  -0.09679047   0.33627576
  10.88000000  -0.09005951   0.33680948
  10.90000000  -0.08331923   0.33720658
  10.92000000  -0.07657238   0.33746747
  10.94000000  -0.06982166   0.33759256
  10.96000000  -0.06306980   0.33758234
  10.98000000  -0.05631949   0.33743737
  11.00000000  -0.04957343   0.33715822
  11.02000000  -0.04283428   0.33674554
  11.04000000  -0.03610471   0.33620003
  11.06000000  -0.02938738   0.33552243
  11.08000000  -0.02268491   0.33471353
  11.10000000  -0.01599992   0.33377417
  11.12000000  -0.00933502   0.33270525
  11.14000000  -0.00269279   0.33150771
  11.16000000   0.00392422   0.33018253
  11.18000000   0.01051346   0.32873075
  11.20000000   0.01707241   0.32715345
  11.22000000   0.02359856   0.32545176
  11.24000000   0.03008945   0.32362685
  11.26000000   0.03654262   0.32167993
  11.28000000   0.04295564   0.31961227
  11.30000000   0.04932611   0.31742517
  11.32000000   0.05565166   0.31511998
  11.34000000   0.06192994   0.31269808
  11.36000000   0.06815863   0.31016090
  11.38000000   0.07433543   0.30750992
  11.40000000   0.08045809   0.30474664
  11.42000000   0.08652437   0.30187261
  11.44000000   0.09253208   0.29888942
  11.46000000   0.09847905   0.29579869
  11.48000000   0.10436315   0.29260208
  11.50000000   0.11018227   0.28930129
  11.52000000   0.11593434   0.28589804
  11.54000000   0.12161735   0.28239411
  11.56000000   0.12722928   0.27879128
  11.58000000   0.13276819   0.27509140
  11.60000000   0.13823215   0.27129632
  11.62000000   0.14361926   0.26740793
  11.64000000   0.14892770   0.26342816
  11.66000000   0.15415565   0.25935895
  11.68000000   0.15930133   0.25520230
  11.70000000   0.16436302   0.25096019
  11.72000000   0.16933904   0.24663467
  11.74000000   0.17422773   0.24222779
  11.76000000   0.17902749   0.23774164
  11.78000000   0.18373676   0.23317832
  11.80000000   0.18835400   0.22853996
  11.82000000   0.19287775   0.22382870
  11.84000000   0.19730656   0.21904672
  11.86000000   0.20163904   0.21419621
  11.88000000   0.20587385   0.20927937
  11.90000000   0.21000968   0.20429843
  11.92000000   0.21404527   0.19925564
  11.94000000   0.21797941   0.19415325
  11.96000000   0.22181093   0.18899354
  11.98000000   0.22553869   0.18377878
  12.00000000   0.22916164   0.17851130
  12.02000000   0.23267873   0.17319339
  12.04000000   0.23608897   0.16782738
  12.06000000   0.23939144   0.16241560
  12.08000000   0.24258523   0.15696039
  12.10000000   0.24566951   0.15146411
  12.12000000   0.24864348   0.14592912
  12.14000000   0.25150637   0.14035777
  12.16000000   0.25425750   0.13475243
  12.18000000   0.25689621   0.12911548
  12.20000000   0.25942188   0.12344930
  12.22000000   0.26183395   0.11775626
  12.24000000   0.26413192   0.11203874
  12.26000000   0.26631532   0.10629912
  12.28000000   0.26838372   0.10053978
  12.30000000   0.27033677   0.09476311
  12.32000000   0.27217412   0.08897146
  12.34000000   0.27389552   0.08316723
  12.36000000   0.27550073   0.07735277
  12.38000000   0.27698956   0.07153044
  12.40000000   0.27836190   0.06570261
  12.42000000   0.27961764   0.05987162
  12.44000000   0.28075676   0.05403982
  12.46000000   0.28177925   0.04820952
  12.48000000   0.28268517   0.04238307
  12.50000000   0.28347462   0.03656276
  12.52000000   0.28414775   0.03075091
  12.54000000   0.28470475   0.02494978
  12.56000000   0.28514585   0.01916167
  12.58000000   0.28547134   0.01338883
  12.60000000   0.28568155   0.00763350
  12.62000000   0.28577684   0.00189791
  12.64000000   0.28575765  -0.00381572
  12.66000000   0.28562442  -0.00950520
  12.68000000   0.28537766  -0.01516836
  12.70000000   0.28501792  -0.02080303
  12.72000000   0.28454579  -0.02640708
  12.74000000   0.28396191  -0.03197840
  12.76000000   0.28326695  -0.03751488
  12.78000000   0.28246162  -0.04301446
  12.80000000   0.28154669  -0.04847508
  12.82000000   0.28052296  -0.05389473
  12.84000000   0.27939126  -0.05927138
  12.86000000   0.27815248  -0.06460308
  12.88000000   0.27680753  -0.06988787
  12.90000000   0.27535737  -0.07512382
  12.92000000   0.27380300  -0.08030904
  12.94000000   0.27214545  -0.08544166
  12.96000000   0.27038578  -0.09051983
  12.98000000   0.26852512  -0.09554175
  13.00000000   0.26656460  -0.10050563
  13.02000000   0.26450539  -0.10540971
  13.04000000   0.26234872  -0.11025229
  13.06000000   0.26009583  -0.11503166
  13.08000000   0.25774800  -0.11974617
  13.10000000   0.25530654  -0.12439420
  13.12000000   0.25277279  -0.12897414
  13.14000000   0.25014815  -0.13348445
  13.16000000   0.24743401  -0.13792359
  13.18000000   0.24463181  -0.14229008
  13.20000000   0.24174302  -0.14658245
  13.22000000   0.23876914  -0.15079930
  13.24000000   0.23571169  -0.15493923
  13.26000000   0.23257223  -0.15900089
  13.28000000   0.22935232  -0.16298298
  13.30000000   0.22605358  -0.16688422
  13.32000000   0.22267764  -0.17070337
  13.34000000   0.21922614  -0.17443922
  13.36000000   0.21570077  -0.17809063
  13.38000000   0.21210323  -0.18165646
  13.40000000   0.20843523  -0.18513563
  13.42000000   0.20469853  -0.18852710
  13.44000000   0.20089489  -0.19182985
  13.46000000   0.19702609  -0.19504293
  13.48000000   0.19309393  -0.19816539
  13.50000000   0.18910023  -0.20119636
  13.52000000   0.18504684  -0.20413498
  13.54000000   0.18093561  -0.20698045
  13.56000000   0.17676841  -0.20973200
  13.58000000   0.17254712  -0.21238890
  13.60000000   0.16827365  -0.21495048
  13.62000000   0.16394990  -0.21741607
  13.64000000   0.15957781  -0.21978508
  13.66000000   0.15515931  -0.22205694
  13.68000000   0.15069634  -0.22423114
  13.70000000   0.14619088  -0.22630719
  13.72000000   0.14164488  -0.22828464
  13.74000000   0.13706032  -0.23016311
  13.76000000   0.13243918  -0.23194223
  13.78000000   0.12778346  -0.23362168
  13.80000000   0.12309515  -0.23520120
  13.82000000   0.11837625  -0.23668053
  13.84000000   0.11362876  -0.23805950
  13.86000000   0.10885470  -0.23933795
  13.88000000   0.10405608  -0.24051576
  13.90000000   0.09923491  -0.24159286
  13.92000000   0.09439321  -0.24256922
  13.94000000   0.08953298  -0.24344486
  13.96000000   0.08465625  -0.24421981
  13.98000000   0.07976503  -0.24489418
  14.00000000   0.07486132  -0.24546808
  14.02000000   0.06994714  -0.24594169
  14.04000000   0.06502449  -0.24631521
  14.06000000   0.06009536  -0.24658890
  14.08000000   0.05516176  -0.24676303
  14.10000000   0.05022567  -0.24683794
  14.12000000   0.04528907  -0.24681398
  14.14000000   0.04035393  -0.24669156
  14.16000000   0.03542222  -0.24647112
  14.18000000   0.03049590  -0.24615312
  14.20000000   0.02557691  -0.24573810
  14.22000000   0.02066718  -0.24522658
  14.24000000   0.01576864  -0.24461917
  14.26000000   0.01088321  -0.24391649
  14.28000000   0.00601277  -0.24311918
  14.30000000   0.00115922  -0.24222795
  14.32000000  -0.00367557  -0.24124352
  14.34000000  -0.00848975  -0.24016666
  14.36000000  -0.01328147  -0.23899816
  14.38000000  -0.01804892  -0.23773885
  14.40000000  -0.02279028  -0.23638959
  14.42000000  -0.02750376  -0.23495128
  14.44000000  -0.03218759  -0.23342484
  14.46000000  -0.03684002  -0.23181124
  14.48000000  -0.04145932  -0.23011146
  14.50000000  -0.04604377  -0.22832652
  14.52000000  -0.05059168  -0.22645747
  14.54000000  -0.05510138  -0.22450540
  14.56000000  -0.05957122  -0.22247141
  14.58000000  -0.06399956  -0.22035663
  14.60000000  -0.06838482  -0.21816224
  14.62000000  -0.07272540  -0.21588942
  14.64000000  -0.07701975  -0.21353939
  14.66000000  -0.08126634  -0.21111340
  14.68000000  -0.08546366  -0.20861271
  14.70000000  -0.08961024  -0.20603862
  14.72000000  -0.09370461  -0.20339245
  14.74000000  -0.09774535  -0.20067554
  14.76000000  -0.10173105  -0.19788925
  14.78000000  -0.10566035  -0.19503498
  14.80000000  -0.10953189  -0.19211413
  14.82000000  -0.11334437  -0.18912813
  14.84000000  -0.11709649  -0.18607843
  14.86000000  -0.12078699  -0.18296650
  14.88000000  -0.12441464  -0.17979383
  14.90000000  -0.12797825  -0.17656194
  14.92000000  -0.13147664  -0.17327233
  14.94000000  -0.13490867  -0.16992656
  14.96000000  -0.13827325  -0.16652619
  14.98000000  -0.14156928  -0.16307278
  15.00000000  -0.14479573  -0.15956793
  15.02000000  -0.14795158  -0.15601324
  15.04000000  -0.15103586  -0.15241033
  15.06000000  -0.15404761  -0.14876083
  15.08000000  -0.15698591  -0.14506637
  15.10000000  -0.15984990  -0.14132862
  15.12000000  -0.16263871  -0.13754923
  15.14000000  -0.16535154  -0.13372988
  15.16000000  -0.16798759  -0.12987226
  15.18000000  -0.17054612  -0.12597805
  15.20000000  -0.17302642  -0.12204896
  15.22000000  -0.17542780  -0.11808669
  15.24000000  -0.17774962  -0.11409295
  15.26000000  -0.17999127  -0.11006948
  15.28000000  -0.18215217  -0.10601798
  15.30000000  -0.18423177  -0.10194019
  15.32000000  -0.18622957  -0.09783784
  15.34000000  -0.18814510  -0.09371267
  15.36000000  -0.18997790  -0.08956641
  15.38000000  -0.19172759  -0.08540080
  15.40000000  -0.19339379  -0.08121759
  15.42000000  -0.19497616  -0.07701852
  15.44000000  -0.19647441  -0.07280531
  15.46000000  -0.19788827  -0.06857972
  15.48000000  -0.19921751  -0.06434348
  15.50000000  -0.20046193  -0.06009831
  15.52000000  -0.20162138  -0.05584596
  15.54000000  -0.20269573  -0.05158815
  15.56000000  -0.20368488  -0.04732660
  15.58000000  -0.20458877  -0.04306303
  15.60000000  -0.20540740  -0.03879915
  15.62000000  -0.20614075  -0.03453665
  15.64000000  -0.20678889  -0.03027725
  15.66000000  -0.20735188  -0.02602262
  15.68000000  -0.20782985  -0.02177445
  15.70000000  -0.20822293  -0.01753441
  15.72000000  -0.20853130  -0.01330415
  15.74000000  -0.20875519  -0.00908534
  15.76000000  -0.20889483  -0.00487960
  15.78000000  -0.20895049  -0.00068857
  15.80000000  -0.20892250   0.00348614
  15.82000000  -0.20881120   0.00764292
  15.84000000  -0.20861695   0.01178020
  15.86000000  -0.20834017   0.01589638
  15.88000000  -0.20798128   0.01998992
  15.90000000  -0.20754077   0.02405926
  15.92000000  -0.20701913   0.02810288
  15.94000000  -0.20641688   0.03211927
  15.96000000  -0.20573460   0.03610692
  15.98000000  -0.20497286   0.04006437
  16.00000000  -0.20413228   0.04399015
  16.02000000  -0.20321353   0.04788281
  16.04000000  -0.20221726   0.05174094
  16.06000000  -0.20114419   0.05556313
  16.08000000  -0.19999505   0.05934799
  16.10000000  -0.19877059   0.06309417
  16.12000000  -0.19747161   0.06680032
  16.14000000  -0.19609892   0.07046512
  16.16000000  -0.19465336   0.07408726
  16.18000000  -0.19313580   0.07766548
  16.20000000  -0.19154712   0.08119852
  16.22000000  -0.18988824   0.08468514
  16.24000000  -0.18816011   0.08812413
  16.26000000  -0.18636369   0.09151432
  16.28000000  -0.18449995   0.09485454
  16.30000000  -0.18256993   0.09814366
  16.32000000  -0.18057464   0.10138056
  16.34000000  -0.17851515   0.10456415
  16.36000000  -0.17639253   0.10769339
  16.38000000  -0.17420788   0.11076723
  16.40000000  -0.17196231   0.11378466
  16.42000000  -0.16965697   0.11674471
  16.44000000  -0.16729301   0.11964642
  16.46000000  -0.16487161   0.12248887
  16.48000000  -0.16239395   0.12527114
  16.50000000  -0.15986127   0.12799237
  16.52000000  -0.15727478   0.13065172
  16.54000000  -0.15463572   0.13324836
  16.56000000  -0.15194537   0.13578151
  16.58000000  -0.14920500   0.13825041
  16.60000000  -0.14641590   0.14065433
  16.62000000  -0.14357937   0.14299256
  16.64000000  -0.14069675   0.14526443
  16.66000000  -0.13776935   0.14746929
  16.68000000  -0.13479854   0.14960654
  16.70000000  -0.13178566   0.15167559
  16.72000000  -0.12873209   0.15367587
  16.74000000  -0.12563920   0.15560687
  16.76000000  -0.12250839   0.15746808
  16.78000000  -0.11934106   0.15925904
  16.80000000  -0.11613862   0.16097932
  16.82000000  -0.11290248   0.16262850
  16.84000000  -0.10963408   0.16420620
  16.86000000  -0.10633483   0.16571209
  16.88000000  -0.10300619   0.16714585
  16.90000000  -0.09964960   0.16850718
  16.92000000  -0.09626651   0.16979583
  16.94000000  -0.09285838   0.17101157
  16.96000000  -0.08942666   0.17215422
  16.98000000  -0.08597282   0.17322359
  17.00000000  -0.08249833   0.17421956
  17.02000000  -0.07900465   0.17514201
  17.04000000  -0.07549326   0.17599087
  17.06000000  -0.07196563   0.17676609
  17.08000000  -0.06842323   0.17746766
  17.10000000  -0.06486754   0.17809558
  17.12000000  -0.06130002   0.17864990
  17.14000000  -0.05772215   0.17913069
  17.16000000  -0.05413541   0.17953804
  17.18000000  -0.05054124   0.17987208
  17.20000000  -0.04694113   0.18013298
  17.22000000  -0.04333653   0.18032091
  17.24000000  -0.03972890   0.18043609
  17.26000000  -0.03611969   0.18047876
  17.28000000  -0.03251035   0.18044920
  17.30000000  -0.02890232   0.18034769
  17.32000000  -0.02529704   0.18017457
  17.34000000  -0.02169594   0.17993019
  17.36000000  -0.01810043   0.17961493
  17.38000000  -0.01451193   0.17922919
  17.40000000  -0.01093184   0.17877341
  17.42000000  -0.00736157   0.17824804
  17.44000000  -0.00380250   0.17765358
  17.46000000  -0.00025600   0.17699053
  17.48000000   0.00327656   0.17625943
  17.50000000   0.00679382   0.17546084
  17.52000000   0.01029443   0.17459535
  17.54000000   0.01377708   0.17366357
  17.56000000   0.01724043   0.17266613
  17.58000000   0.02068318   0.17160369
  17.60000000   0.02410404   0.17047693
  17.62000000   0.02750173   0.16928656
  17.64000000   0.03087498   0.16803330
  17.66000000   0.03422254   0.16671791
  17.68000000   0.03754318   0.16534115
  17.70000000   0.04083568   0.16390382
  17.72000000   0.04409884   0.16240673
  17.74000000   0.04733146   0.16085072
  17.76000000   0.05053238   0.15923664
  17.78000000   0.05370045   0.15756536
  17.80000000   0.05683453   0.15583778
  17.82000000   0.05993350   0.15405482
  17.84000000   0.06299627   0.15221740
  17.86000000   0.06602175   0.15032647
  17.88000000   0.06900889   0.14838300
  17.90000000   0.07195664   0.14638797
  17.92000000   0.07486399   0.14434239
  17.94000000   0.07772992   0.14224727
  17.96000000   0.08055347   0.14010365
  17.98000000   0.08333367   0.13791256
  18.00000000   0.08606959   0.13567508
  18.02000000   0.08876030   0.13339229
  18.04000000   0.09140491   0.13106527
  18.06000000   0.09400255   0.12869512
  18.08000000   0.09655236   0.12628298
  18.10000000   0.09905353   0.12382995
  18.12000000   0.10150523   0.12133720
  18.14000000   0.10390669   0.11880586
  18.16000000   0.10625715   0.11623710
  18.18000000   0.10855588   0.11363210
  18.20000000   0.11080215   0.11099204
  18.22000000   0.11299527   0.10831811
  18.24000000   0.11513460   0.10561152
  18.26000000   0.11721947   0.10287348
  18.28000000   0.11924928   0.10010519
  18.30000000   0.12122344   0.09730790
  18.32000000   0.12314137   0.09448283
  18.34000000   0.12500253   0.09163121
  18.36000000   0.12680641   0.08875430
  18.38000000   0.12855250   0.08585333
  18.40000000   0.13024035   0.08292958
  18.42000000   0.13186951   0.07998428
  18.44000000   0.13343955   0.07701871
  18.46000000   0.13495010   0.07403413
  18.48000000   0.13640077   0.07103180
  18.50000000   0.13779123   0.06801300
  18.52000000   0.13912116   0.06497899
  18.54000000   0.14039027   0.06193105
  18.56000000   0.14159830   0.05887045
  18.58000000   0.14274500   0.05579846
  18.60000000   0.14383015   0.05271636
  18.62000000   0.14485358   0.04962541
  18.64000000   0.14581511   0.04652688
  18.66000000   0.14671460   0.04342205
  18.68000000   0.14755195   0.04031217
  18.70000000   0.14832705   0.03719851
  18.72000000   0.14903986   0.03408232
  18.74000000   0.14969034   0.03096487
  18.76000000   0.15027846   0.02784739
  18.78000000   0.15080424   0.02473114
  18.80000000   0.15126772   0.02161736
  18.82000000   0.15166897   0.01850727
  18.84000000   0.15200806   0.01540211
  18.86000000   0.15228510   0.01230309
  18.88000000   0.15250024   0.00921144
  18.90000000   0.15265363   0.00612835
  18.92000000   0.15274546   0.00305502
  18.94000000   0.15277592  -0.00000736
  18.96000000   0.15274526  -0.00305761
  18.98000000   0.15265373  -0.00609456
  19.00000000   0.15250160  -0.00911705
  19.02000000   0.15228918  -0.01212393
  19.04000000   0.15201678  -0.01511406
  19.06000000   0.15168476  -0.01808631
  19.08000000   0.15129349  -0.02103958
  19.10000000   0.15084335  -0.02397274
  19.12000000   0.15033476  -0.02688472
  19.14000000   0.14976814  -0.02977443
  19.16000000   0.14914397  -0.03264080
  19.18000000   0.14846272  -0.03548280
  19.20000000   0.14772487  -0.03829937
  19.22000000   0.14693096  -0.04108949
  19.24000000   0.14608152  -0.04385215
  19.26000000   0.14517711  -0.04658636
  19.28000000   0.14421831  -0.04929115
  19.30000000   0.14320572  -0.05196554
  19.32000000   0.14213995  -0.05460858
  19.34000000   0.14102164  -0.05721936
  19.36000000   0.13985145  -0.05979695
  19.38000000   0.13863005  -0.06234045
  19.40000000   0.13735813  -0.06484898
  19.42000000   0.13603639  -0.06732169
  19.44000000   0.13466557  -0.06975772
  19.46000000   0.13324639  -0.07215625
  19.48000000   0.13177963  -0.07451647
  19.50000000   0.13026606  -0.07683758
  19.52000000   0.12870646  -0.07911882
  19.54000000   0.12710165  -0.08135943
  19.56000000   0.12545243  -0.08355868
  19.58000000   0.12375965  -0.08571586
  19.60000000   0.12202415  -0.08783027
  19.62000000   0.12024680  -0.08990122
  19.64000000   0.11842847  -0.09192808
  19.66000000   0.11657005  -0.09391021
  19.68000000   0.11467244  -0.09584698
  19.70000000   0.11273655  -0.09773781
  19.72000000   0.11076332  -0.09958213
  19.74000000   0.10875366  -0.10137937
  19.76000000   0.10670854  -0.10312902
  19.78000000   0.10462890  -0.10483055
  19.80000000   0.10251572  -0.10648349
  19.82000000   0.10036997  -0.10808736
  19.84000000   0.09819264  -0.10964172
  19.86000000   0.09598472  -0.11114614
  19.88000000   0.09374721  -0.11260021
  19.90000000   0.09148113  -0.11400357
  19.92000000   0.08918750  -0.11535585
  19.94000000   0.08686733  -0.11665670
  19.96000000   0.08452166  -0.11790583
  19.98000000   0.08215153  -0.11910292
  20.00000000   0.07975798  -0.12024771
