   0.02000000   1.00000000  -0.02000000
   0.04000000   0.99960000  -0.03992000
   0.06000000   0.99880160  -0.05975232
   0.08000000   0.99760655  -0.07948934
   0.10000000   0.99601677  -0.09912352
   0.12000000   0.99403430  -0.11864736
   0.14000000   0.99166135  -0.13805345
   0.16000000   0.98890028  -0.15733447
   0.18000000   0.98575359  -0.17648314
   0.20000000   0.98222393  -0.19549227
   0.22000000   0.97831408  -0.21435478
   0.24000000   0.97402699  -0.23306365
   0.26000000   0.96936571  -0.25161193
   0.28000000   0.96433348  -0.26999280
   0.30000000   0.95893362  -0.28819950
   0.32000000   0.95316963  -0.30622537
   0.34000000   0.94704512  -0.32406386
   0.36000000   0.94056384  -0.34170851
   0.38000000   0.93372967  -0.35915295
   0.40000000   0.92654662  -0.37639093
   0.42000000   0.91901880  -0.39341630
   0.44000000   0.91115047  -0.41022301
   0.46000000   0.90294601  -0.42680513
   0.48000000   0.89440991  -0.44315683
   0.50000000   0.88554677  -0.45927240
   0.52000000   0.87636132  -0.47514625
   0.54000000   0.86685840  -0.49077289
   0.56000000   0.85704294  -0.50614696
   0.58000000   0.84692000  -0.52126324
   0.60000000   0.83649474  -0.53611658
   0.62000000   0.82577241  -0.55070201
   0.64000000   0.81475836  -0.56501465
   0.66000000   0.80345807  -0.57904976
   0.68000000   0.79187708  -0.59280272
   0.70000000   0.78002102  -0.60626905
   0.72000000   0.76789564  -0.61944440
   0.74000000   0.75550675  -0.63232453
   0.76000000   0.74286026  -0.64490537
   0.78000000   0.72996216  -0.65718295
   0.80000000   0.71681850  -0.66915346
   0.82000000   0.70343543  -0.68081322
   0.84000000   0.68981916  -0.69215868
   0.86000000   0.67597599  -0.70318642
   0.88000000   0.66191226  -0.71389320
   0.90000000   0.64763440  -0.72427587
   0.92000000   0.63314888  -0.73433146
   0.94000000   0.61846225  -0.74405711
   0.96000000   0.60358111  -0.75345012
   0.98000000   0.58851211  -0.76250795
   1.00000000   0.57326195  -0.77122816
   1.02000000   0.55783738  -0.77960848
   1.04000000   0.54224521  -0.78764680
   1.06000000   0.52649228  -0.79534111
   1.08000000   0.51058546  -0.80268959
   1.10000000   0.49453166  -0.80969054
   1.12000000   0.47833785  -0.81634242
   1.14000000   0.46201100  -0.82264380
   1.16000000   0.44555813  -0.82859345
   1.18000000   0.42898626  -0.83419024
   1.20000000   0.41230245  -0.83943320
   1.22000000   0.39551379  -0.84432152
   1.24000000   0.37862736  -0.84885451
   1.26000000   0.36165027  -0.85303164
   1.28000000   0.34458964  -0.85685252
   1.30000000   0.32745259  -0.86031690
   1.32000000   0.31024625  -0.86342468
   1.34000000   0.29297776  -0.86617591
   1.36000000   0.27565424  -0.86857076
   1.38000000   0.25828282  -0.87060956
   1.40000000   0.24087063  -0.87229278
   1.42000000   0.22342478  -0.87362102
   1.44000000   0.20595236  -0.87459503
   1.46000000   0.18846045  -0.87521570
   1.48000000   0.17095614  -0.87548405
   1.50000000   0.15344646  -0.87540123
   1.52000000   0.13593843  -0.87496856
   1.54000000   0.11843906  -0.87418745
   1.56000000   0.10095531  -0.87305948
   1.58000000   0.08349413  -0.87158635
   1.60000000   0.06606240  -0.86976989
   1.62000000   0.04866700  -0.86761206
   1.64000000   0.03131476  -0.86511495
   1.66000000   0.01401246  -0.86228078
   1.68000000  -0.00323316  -0.85911191
   1.70000000  -0.02041539  -0.85561080
   1.72000000  -0.03752761  -0.85178005
   1.74000000  -0.05456321  -0.84762238
   1.76000000  -0.07151566  -0.84314062
   1.78000000  -0.08837847  -0.83833775
   1.80000000  -0.10514523  -0.83321683
   1.82000000  -0.12180956  -0.82778105
   1.84000000  -0.13836518  -0.82203374
   1.86000000  -0.15480586  -0.81597830
   1.88000000  -0.17112542  -0.80961827
   1.90000000  -0.18731779  -0.80295729
   1.92000000  -0.20337694  -0.79599910
   1.94000000  -0.21929692  -0.78874757
   1.96000000  -0.23507187  -0.78120664
   1.98000000  -0.25069600  -0.77338038
   2.00000000  -0.26616361  -0.76527293
   2.02000000  -0.28146907  -0.75688857
   2.04000000  -0.29660684  -0.74823163
   2.06000000  -0.31157147  -0.73930657
   2.08000000  -0.32635760  -0.73011792
   2.10000000  -0.34095996  -0.72067029
   2.12000000  -0.35537337  -0.71096841
   2.14000000  -0.36959274  -0.70101707
   2.16000000  -0.38361308  -0.69082115
   2.18000000  -0.39742950  -0.68038560
   2.20000000  -0.41103721  -0.66971547
   2.22000000  -0.42443152  -0.65881586
   2.24000000  -0.43760784  -0.64769197
   2.26000000  -0.45056168  -0.63634904
   2.28000000  -0.46328866  -0.62479241
   2.30000000  -0.47578451  -0.61302747
   2.32000000  -0.48804506  -0.60105967
   2.34000000  -0.50006625  -0.58889453
   2.36000000  -0.51184414  -0.57653763
   2.38000000  -0.52337489  -0.56399460
   2.40000000  -0.53465478  -0.55127112
   2.42000000  -0.54568021  -0.53837294
   2.44000000  -0.55644767  -0.52530584
   2.46000000  -0.56695378  -0.51207567
   2.48000000  -0.57719530  -0.49868829
   2.50000000  -0.58716906  -0.48514963
   2.52000000  -0.59687205  -0.47146565
   2.54000000  -0.60630137  -0.45764235
   2.56000000  -0.61545421  -0.44368575
   2.58000000  -0.62432793  -0.42960192
   2.60000000  -0.63291997  -0.41539696
   2.62000000  -0.64122791  -0.40107697
   2.64000000  -0.64924945  -0.38664810
   2.66000000  -0.65698241  -0.37211652
   2.68000000  -0.66442474  -0.35748841
   2.70000000  -0.67157451  -0.34276996
   2.72000000  -0.67842991  -0.32796739
   2.74000000  -0.68498925  -0.31308692
   2.76000000  -0.69125099  -0.29813479
   2.78000000  -0.69721369  -0.28311723
   2.80000000  -0.70287603  -0.26804049
   2.82000000  -0.70823684  -0.25291080
   2.84000000  -0.71329506  -0.23773442
   2.86000000  -0.71804975  -0.22251758
   2.88000000  -0.72250010  -0.20726652
   2.90000000  -0.72664543  -0.19198745
   2.92000000  -0.73048518  -0.17668659
   2.94000000  -0.73401891  -0.16137014
   2.96000000  -0.73724631  -0.14604428
   2.98000000  -0.74016720  -0.13071518
   3.00000000  -0.74278150  -0.11538898
   3.02000000  -0.74508928  -0.10007179
   3.04000000  -0.74709072  -0.08476972
   3.06000000  -0.74878611  -0.06948882
   3.08000000  -0.75017589  -0.05423515
   3.10000000  -0.75126059  -0.03901469
   3.12000000  -0.75204088  -0.02383342
   3.14000000  -0.75251755  -0.00869727
   3.16000000  -0.75269150   0.00638787
   3.18000000  -0.75256374   0.02141615
   3.20000000  -0.75213542   0.03638176
   3.22000000  -0.75140778   0.05127894
   3.24000000  -0.75038220   0.06610198
   3.26000000  -0.74906016   0.08084522
   3.28000000  -0.74744326   0.09550304
   3.30000000  -0.74553320   0.11006990
   3.32000000  -0.74333180   0.12454028
   3.34000000  -0.74084100   0.13890875
   3.36000000  -0.73806282   0.15316994
   3.38000000  -0.73499942   0.16731852
   3.40000000  -0.73165305   0.18134923
   3.42000000  -0.72802607   0.19525689
   3.44000000  -0.72412093   0.20903639
   3.46000000  -0.71994020   0.22268266
   3.48000000  -0.71548655   0.23619073
   3.50000000  -0.71076273   0.24955570
   3.52000000  -0.70577162   0.26277273
   3.54000000  -0.70051616   0.27583708
   3.56000000  -0.69499942   0.28874405
   3.58000000  -0.68922454   0.30148906
   3.60000000  -0.68319476   0.31406760
   3.62000000  -0.67691341   0.32647522
   3.64000000  -0.67038390   0.33870759
   3.66000000  -0.66360975   0.35076044
   3.68000000  -0.65659454   0.36262959
   3.70000000  -0.64934195   0.37431096
   3.72000000  -0.64185573   0.38580056
   3.74000000  -0.63413972   0.39709447
   3.76000000  -0.62619783   0.40818889
   3.78000000  -0.61803405   0.41908009
   3.80000000  -0.60965245   0.42976445
   3.82000000  -0.60105716   0.44023844
   3.84000000  -0.59225239   0.45049863
   3.86000000  -0.58324242   0.46054168
   3.88000000  -0.57403159   0.47036437
   3.90000000  -0.56462430   0.47996354
   3.92000000  -0.55502503   0.48933617
   3.94000000  -0.54523831   0.49847933
   3.96000000  -0.53526872   0.50739018
   3.98000000  -0.52512092   0.51606599
   4.00000000  -0.51479960   0.52450414
   4.02000000  -0.50430951   0.53270212
   4.04000000  -0.49365547   0.54065750
   4.06000000  -0.48284232   0.54836798
   4.08000000  -0.47187496   0.55583136
   4.10000000  -0.46075833   0.56304553
   4.12000000  -0.44949742   0.57000851
   4.14000000  -0.43809725   0.57671843
   4.16000000  -0.42656289   0.58317350
   4.18000000  -0.41489942   0.58937206
   4.20000000  -0.40311197   0.59531256
   4.22000000  -0.39120572   0.60099355
   4.24000000  -0.37918585   0.60641369
   4.26000000  -0.36705758   0.61157175
   4.28000000  -0.35482614   0.61646662
   4.30000000  -0.34249681   0.62109728
   4.32000000  -0.33007486   0.62546282
   4.34000000  -0.31756561   0.62956247
   4.36000000  -0.30497436   0.63339553
   4.38000000  -0.29230645   0.63696144
   4.40000000  -0.27956722   0.64025972
   4.42000000  -0.26676203   0.64329002
   4.44000000  -0.25389622   0.64605211
   4.46000000  -0.24097518   0.64854582
   4.48000000  -0.22800427   0.65077114
   4.50000000  -0.21498884   0.65272814
   4.52000000  -0.20193428   0.65441701
   4.54000000  -0.18884594   0.65583802
   4.56000000  -0.17572918   0.65699159
   4.58000000  -0.16258935   0.65787821
   4.60000000  -0.14943178   0.65849848
   4.62000000  -0.13626181   0.65885312
   4.64000000  -0.12308475   0.65894295
   4.66000000  -0.10990589   0.65876887
   4.68000000  -0.09673052   0.65833191
   4.70000000  -0.08356388   0.65763320
   4.72000000  -0.07041121   0.65667394
   4.74000000  -0.05727773   0.65545547
   4.76000000  -0.04416862   0.65397920
   4.78000000  -0.03108904   0.65224666
   4.80000000  -0.01804411   0.65025945
   4.82000000  -0.00503892   0.64801930
   4.84000000   0.00792147   0.64552800
   4.86000000   0.02083203   0.64278746
   4.88000000   0.03368778   0.63979967
   4.90000000   0.04648377   0.63656671
   4.92000000   0.05921510   0.63309077
   4.94000000   0.07187692   0.62937410
   4.96000000   0.08446440   0.62541907
   4.98000000   0.09697278   0.62122811
   5.00000000   0.10939734   0.61680374
   5.02000000   0.12173342   0.61214858
   5.04000000   0.13397639   0.60726531
   5.06000000   0.14612170   0.60215672
   5.08000000   0.15816483   0.59682566
   5.10000000   0.17010135   0.59127506
   5.12000000   0.18192685   0.58550794
   5.14000000   0.19363701   0.57952737
   5.16000000   0.20522755   0.57333652
   5.18000000   0.21669428   0.56693862
   5.20000000   0.22803306   0.56033698
   5.22000000   0.23923979   0.55353497
   5.24000000   0.25031049   0.54653604
   5.26000000   0.26124122   0.53934368
   5.28000000   0.27202809   0.53196148
   5.30000000   0.28266732   0.52439308
   5.32000000   0.29315518   0.51664216
   5.34000000   0.30348802   0.50871248
   5.36000000   0.31366227   0.50060787
   5.38000000   0.32367443   0.49233220
   5.40000000   0.33352107   0.48388938
   5.42000000   0.34319886   0.47528340
   5.44000000   0.35270453   0.46651829
   5.46000000   0.36203490   0.45759813
   5.48000000   0.37118686   0.44852704
   5.50000000   0.38015740   0.43930919
   5.52000000   0.38894358   0.42994881
   5.54000000   0.39754256   0.42045014
   5.56000000   0.40595156   0.41081749
   5.58000000   0.41416791   0.40105519
   5.60000000   0.42218901   0.39116761
   5.62000000   0.43001237   0.38115916
   5.64000000   0.43763555   0.37103427
   5.66000000   0.44505624   0.36079742
   5.68000000   0.45227218   0.35045311
   5.70000000   0.45928125   0.34000585
   5.72000000   0.46608136   0.32946021
   5.74000000   0.47267057   0.31882074
   5.76000000   0.47904698   0.30809204
   5.78000000   0.48520882   0.29727874
   5.80000000   0.49115440   0.28638544
   5.82000000   0.49688211   0.27541681
   5.84000000   0.50239044   0.26437750
   5.86000000   0.50767799   0.25327219
   5.88000000   0.51274344   0.24210554
   5.90000000   0.51758555   0.23088225
   5.92000000   0.52220319   0.21960701
   5.94000000   0.52659533   0.20828451
   5.96000000   0.53076102   0.19691947
   5.98000000   0.53469941   0.18551657
   6.00000000   0.53840974   0.17408052
   6.02000000   0.54189135   0.16261600
   6.04000000   0.54514367   0.15112771
   6.06000000   0.54816623   0.13962032
   6.08000000   0.55095863   0.12809852
   6.10000000   0.55352060   0.11656695
   6.12000000   0.55585194   0.10503027
   6.14000000   0.55795255   0.09349311
   6.16000000   0.55982241   0.08196009
   6.18000000   0.56146161   0.07043580
   6.20000000   0.56287033   0.05892482
   6.22000000   0.56404883   0.04743172
   6.24000000   0.56499746   0.03596102
   6.26000000   0.56571668   0.02451722
   6.28000000   0.56620703   0.01310482
   6.30000000   0.56646912   0.00172826
   6.32000000   0.56650369  -0.00960804
   6.34000000   0.56631153  -0.02089968
   6.36000000   0.56589353  -0.03214231
   6.38000000   0.56525069  -0.04333161
   6.40000000   0.56438405  -0.05446330
   6.42000000   0.56329479  -0.06553313
   6.44000000   0.56198413  -0.07653689
   6.46000000   0.56045339  -0.08747042
   6.48000000   0.55870398  -0.09832961
   6.50000000   0.55673739  -0.10911037
   6.52000000   0.55455518  -0.11980868
   6.54000000   0.55215901  -0.13042055
   6.56000000   0.54955060  -0.14094204
   6.58000000   0.54673175  -0.15136929
   6.60000000   0.54370437  -0.16169845
   6.62000000   0.54047040  -0.17192574
   6.64000000   0.53703188  -0.18204744
   6.66000000   0.53339094  -0.19205989
   6.68000000   0.52954974  -0.20195947
   6.70000000   0.52551055  -0.21174263
   6.72000000   0.52127570  -0.22140587
   6.74000000   0.51684758  -0.23094576
   6.76000000   0.51222866  -0.24035893
   6.78000000   0.50742148  -0.24964207
   6.80000000   0.50242864  -0.25879193
   6.82000000   0.49725281  -0.26780533
   6.84000000   0.49189670  -0.27667917
   6.86000000   0.48636312  -0.28541038
   6.88000000   0.48065491  -0.29399600
   6.90000000   0.47477499  -0.30243312
   6.92000000   0.46872632  -0.31071889
   6.94000000   0.46251195  -0.31885054
   6.96000000   0.45613494  -0.32682537
   6.98000000   0.44959843  -0.33464077
   7.00000000   0.44290561  -0.34229418
   7.02000000   0.43605973  -0.34978311
   7.04000000   0.42906407  -0.35710517
   7.06000000   0.42192196  -0.36425804
   7.08000000   0.41463680  -0.37123944
   7.10000000   0.40721201  -0.37804722
   7.12000000   0.39965107  -0.38467927
   7.14000000   0.39195748  -0.39113358
   7.16000000   0.38413481  -0.39740819
   7.18000000   0.37618665  -0.40350126
   7.20000000   0.36811662  -0.40941098
   7.22000000   0.35992840  -0.41513567
   7.24000000   0.35162569  -0.42067370
   7.26000000   0.34321222  -0.42602352
   7.28000000   0.33469175  -0.43118367
   7.30000000   0.32606807  -0.43615277
   7.32000000   0.31734502  -0.44092952
   7.34000000   0.30852643  -0.44551270
   7.36000000   0.29961617  -0.44990118
   7.38000000   0.29061815  -0.45409390
   7.40000000   0.28153627  -0.45808988
   7.42000000   0.27237447  -0.46188825
   7.44000000   0.26313671  -0.46548819
   7.46000000   0.25382695  -0.46888897
   7.48000000   0.24444917  -0.47208995
   7.50000000   0.23500737  -0.47509057
   7.52000000   0.22550556  -0.47789036
   7.54000000   0.21594775  -0.48048891
   7.56000000   0.20633797  -0.48288591
   7.58000000   0.19668025  -0.48508112
   7.60000000   0.18697863  -0.48707440
   7.62000000   0.17723714  -0.48886568
   7.64000000   0.16745983  -0.49045496
   7.66000000   0.15765073  -0.49184234
   7.68000000   0.14781388  -0.49302798
   7.70000000   0.13795332  -0.49401215
   7.72000000   0.12807308  -0.49479517
   7.74000000   0.11817718  -0.49537745
   7.76000000   0.10826963  -0.49575948
   7.78000000   0.09835444  -0.49594183
   7.80000000   0.08843560  -0.49592516
   7.82000000   0.07851710  -0.49571017
   7.84000000   0.06860290  -0.49529767
   7.86000000   0.05869694  -0.49468854
   7.88000000   0.04880317  -0.49388372
   7.90000000   0.03892550  -0.49288425
   7.92000000   0.02906781  -0.49169122
   7.94000000   0.01923399  -0.49030581
   7.96000000   0.00942787  -0.48872927
   7.98000000  -0.00034671  -0.48696291
   8.00000000  -0.01008597  -0.48500812
   8.02000000  -0.01978614  -0.48286637
   8.04000000  -0.02944346  -0.48053918
   8.06000000  -0.03905425  -0.47802816
   8.08000000  -0.04861481  -0.47533496
   8.10000000  -0.05812151  -0.47246132
   8.12000000  -0.06757074  -0.46940905
   8.14000000  -0.07695892  -0.46618000
   8.16000000  -0.08628252  -0.46277610
   8.18000000  -0.09553804  -0.45919935
   8.20000000  -0.10472202  -0.45545179
   8.22000000  -0.11383106  -0.45153554
   8.24000000  -0.12286177  -0.44745278
   8.26000000  -0.13181083  -0.44320573
   8.28000000  -0.14067494  -0.43879669
   8.30000000  -0.14945088  -0.43422800
   8.32000000  -0.15813544  -0.42950207
   8.34000000  -0.16672548  -0.42462136
   8.36000000  -0.17521790  -0.41958836
   8.38000000  -0.18360967  -0.41440565
   8.40000000  -0.19189778  -0.40907584
   8.42000000  -0.20007930  -0.40360158
   8.44000000  -0.20815133  -0.39798558
   8.46000000  -0.21611104  -0.39223061
   8.48000000  -0.22395566  -0.38633947
   8.50000000  -0.23168245  -0.38031500
   8.52000000  -0.23928875  -0.37416009
   8.54000000  -0.24677195  -0.36787768
   8.56000000  -0.25412950  -0.36147073
   8.58000000  -0.26135892  -0.35494225
   8.60000000  -0.26845776  -0.34829531
   8.62000000  -0.27542367  -0.34153297
   8.64000000  -0.28225433  -0.33465836
   8.66000000  -0.28894749  -0.32767464
   8.68000000  -0.29550099  -0.32058500
   8.70000000  -0.30191269  -0.31339264
   8.72000000  -0.30818054  -0.30610081
   8.74000000  -0.31430256  -0.29871280
   8.76000000  -0.32027681  -0.29123190
   8.78000000  -0.32610145  -0.28366143
   8.80000000  -0.33177468  -0.27600476
   8.82000000  -0.33729477  -0.26826524
   8.84000000  -0.34266008  -0.26044629
   8.86000000  -0.34786900  -0.25255130
   8.88000000  -0.35292003  -0.24458372
   8.90000000  -0.35781170  -0.23654698
   8.92000000  -0.36254264  -0.22844456
   8.94000000  -0.36711154  -0.22027993
   8.96000000  -0.37151713  -0.21205658
   8.98000000  -0.37575827  -0.20377801
   9.00000000  -0.37983383  -0.19544773
   9.02000000  -0.38374278  -0.18706926
   9.04000000  -0.38748417  -0.17864613
   9.06000000  -0.39105709  -0.17018186
   9.08000000  -0.39446073  -0.16167999
   9.10000000  -0.39769433  -0.15314406
   9.12000000  -0.40075721  -0.14457760
   9.14000000  -0.40364876  -0.13598414
   9.16000000  -0.40636844  -0.12736723
   9.18000000  -0.40891579  -0.11873039
   9.20000000  -0.41129039  -0.11007716
   9.22000000  -0.41349194  -0.10141104
   9.24000000  -0.41552016  -0.09273556
   9.26000000  -0.41737487  -0.08405421
   9.28000000  -0.41905595  -0.07537050
   9.30000000  -0.42056336  -0.06668790
   9.32000000  -0.42189712  -0.05800988
   9.34000000  -0.42305732  -0.04933989
   9.36000000  -0.42404412  -0.04068139
   9.38000000  -0.42485774  -0.03203778
   9.40000000  -0.42549850  -0.02341247
   9.42000000  -0.42596675  -0.01480886
   9.44000000  -0.42626293  -0.00623028
   9.46000000  -0.42638753   0.00231990
   9.48000000  -0.42634113   0.01083837
   9.50000000  -0.42612437   0.01932184
   9.52000000  -0.42573793   0.02776704
   9.54000000  -0.42518259   0.03617073
   9.56000000  -0.42445917   0.04452969
   9.58000000  -0.42356858   0.05284076
   9.60000000  -0.42251177   0.06110077
   9.62000000  -0.42128975   0.06930660
   9.64000000  -0.41990362   0.07745517
   9.66000000  -0.41835451   0.08554342
   9.68000000  -0.41664365   0.09356834
   9.70000000  -0.41477228   0.10152694
   9.72000000  -0.41274174   0.10941627
   9.74000000  -0.41055342   0.11723344
   9.76000000  -0.40820875   0.12497558
   9.78000000  -0.40570923   0.13263985
   9.80000000  -0.40305644   0.14022348
   9.82000000  -0.40025197   0.14772371
   9.84000000  -0.39729749   0.15513786
   9.86000000  -0.39419474   0.16246325
   9.88000000  -0.39094547   0.16969730
   9.90000000  -0.38755153   0.17683742
   9.92000000  -0.38401478   0.18388110
   9.94000000  -0.38033716   0.19082587
   9.96000000  -0.37652064   0.19766931
   9.98000000  -0.37256725   0.20440904
  10.00000000  -0.36847907   0.21104275
  10.02000000  -0.36425822   0.21756816
  10.04000000  -0.35990685   0.22398305
  10.06000000  -0.35542719   0.23028526
  10.08000000  -0.35082149   0.23647266
  10.10000000  -0.34609203   0.24254320
  10.12000000  -0.34124117   0.24849487
  10.14000000  -0.33627127   0.25432571
  10.16000000  -0.33118476   0.26003384
  10.18000000  -0.32598408   0.26561740
  10.20000000  -0.32067173   0.27107461
  10.22000000  -0.31525024   0.27640374
  10.24000000  -0.30972217   0.28160313
  10.26000000  -0.30409010   0.28667116
  10.28000000  -0.29835668   0.29160628
  10.30000000  -0.29252455   0.29640699
  10.32000000  -0.28659641   0.30107185
  10.34000000  -0.28057498   0.30559949
  10.36000000  -0.27446299   0.30998860
  10.38000000  -0.26826322   0.31423790
  10.40000000  -0.26197846   0.31834621
  10.42000000  -0.25561153   0.32231240
  10.44000000  -0.24916529   0.32613538
  10.46000000  -0.24264258   0.32981414
  10.48000000  -0.23604630   0.33334774
  10.50000000  -0.22937934   0.33673527
  10.52000000  -0.22264463   0.33997592
  10.54000000  -0.21584512   0.34306891
  10.56000000  -0.20898374   0.34601353
  10.58000000  -0.20206347   0.34880916
  10.60000000  -0.19508728   0.35145519
  10.62000000  -0.18805818   0.35395111
  10.64000000  -0.18097916   0.35629647
  10.66000000  -0.17385323   0.35849087
  10.68000000  -0.16668341   0.36053397
  10.70000000  -0.15947273   0.36242550
  10.72000000  -0.15222422   0.36416526
  10.74000000  -0.14494092   0.36575308
  10.76000000  -0.13762586   0.36718889
  10.78000000  -0.13028208   0.36847265
  10.80000000  -0.12291262   0.36960440
  10.82000000  -0.11552054   0.37058423
  10.84000000  -0.10810885   0.37141231
  10.86000000  -0.10068061   0.37208883
  10.88000000  -0.09323883   0.37261409
  10.90000000  -0.08578655   0.37298841
  10.92000000  -0.07832678   0.37321219
  10.94000000  -0.07086254   0.37328588
  10.96000000  -0.06339682   0.37320998
  10.98000000  -0.05593262   0.37298508
  11.00000000  -0.04847292   0.37261179
  11.02000000  -0.04102068   0.37209080
  11.04000000  -0.03357887   0.37142285
  11.06000000  -0.02615041   0.37060874
  11.08000000  -0.01873823   0.36964931
  11.10000000  -0.01134525   0.36854548
  11.12000000  -0.00397434   0.36729820
  11.14000000   0.00337163   0.36590850
  11.16000000   0.01068980   0.36437743
  11.18000000   0.01797735   0.36270612
  11.20000000   0.02523147   0.36089575
  11.22000000   0.03244938   0.35894754
  11.24000000   0.03962833   0.35686276
  11.26000000   0.04676559   0.35464274
  11.28000000   0.05385844   0.35228886
  11.30000000   0.06090422   0.34980254
  11.32000000   0.06790027   0.34718524
  11.34000000   0.07484398   0.34443850
  11.36000000   0.08173275   0.34156386
  11.38000000   0.08856402   0.33856295
  11.40000000   0.09533528   0.33543742
  11.42000000   0.10204403   0.33218897
  11.44000000   0.10868781   0.32881933
  11.46000000   0.11526420   0.32533030
  11.48000000   0.12177080   0.32172369
  11.50000000   0.12820528   0.31800138
  11.52000000   0.13456530   0.31416527
  11.54000000   0.14084861   0.31021730
  11.56000000   0.14705296   0.30615946
  11.58000000   0.15317614   0.30199376
  11.60000000   0.15921602   0.29772226
  11.62000000   0.16517047   0.29334706
  11.64000000   0.17103741   0.28887026
  11.66000000   0.17681481   0.28429403
  11.68000000   0.18250069   0.27962056
  11.70000000   0.18809310   0.27485206
  11.72000000   0.19359014   0.26999079
  11.74000000   0.19898996   0.26503902
  11.76000000   0.20429074   0.25999907
  11.78000000   0.20949072   0.25487326
  11.80000000   0.21458819   0.24966395
  11.82000000   0.21958147   0.24437353
  11.84000000   0.22446894   0.23900441
  11.86000000   0.22924903   0.23355901
  11.88000000   0.23392021   0.22803979
  11.90000000   0.23848100   0.22244923
  11.92000000   0.24292999   0.21678981
  11.94000000   0.24726578   0.21106405
  11.96000000   0.25148706   0.20527448
  11.98000000   0.25559255   0.19942364
  12.00000000   0.25958103   0.19351410
  12.02000000   0.26345131   0.18754842
  12.04000000   0.26720228   0.18152920
  12.06000000   0.27083286   0.17545904
  12.08000000   0.27434204   0.16934055
  12.10000000   0.27772885   0.16317634
  12.12000000   0.28099238   0.15696906
  12.14000000   0.28413176   0.15072134
  12.16000000   0.28714619   0.14443582
  12.18000000   0.29003490   0.13811515
  12.20000000   0.29279721   0.13176199
  12.22000000   0.29543245   0.12537900
  12.24000000   0.29794003   0.11896883
  12.26000000   0.30031940   0.11253416
  12.28000000   0.30257009   0.10607763
  12.30000000   0.30469164   0.09960192
  12.32000000   0.30668368   0.09310968
  12.34000000   0.30854587   0.08660357
  12.36000000   0.31027794   0.08008624
  12.38000000   0.31187967   0.07356033
  12.40000000   0.31335087   0.06702850
  12.42000000   0.31469144   0.06049337
  12.44000000   0.31590131   0.05395756
  12.46000000   0.31698046   0.04742371
  12.48000000   0.31792894   0.04089440
  12.50000000   0.31874682   0.03437225
  12.52000000   0.31943427   0.02785982
  12.54000000   0.31999146   0.02135970
  12.56000000   0.32041866   0.01487443
  12.58000000   0.32071615   0.00840656
  12.60000000   0.32088428   0.00195861
  12.62000000   0.32092345  -0.00446691
  12.64000000   0.32083411  -0.01086751
  12.66000000   0.32061676  -0.01724072
  12.68000000   0.32027195  -0.02358410
  12.70000000   0.31980027  -0.02989520
  12.72000000   0.31920236  -0.03617162
  12.74000000   0.31847893  -0.04241098
  12.76000000   0.31763071  -0.04861092
  12.78000000   0.31665849  -0.05476909
  12.80000000   0.31556311  -0.06088318
  12.82000000   0.31434545  -0.06695091
  12.84000000   0.31300643  -0.07297002
  12.86000000   0.31154703  -0.07893827
  12.88000000   0.30996826  -0.08485345
  12.90000000   0.30827119  -0.09071341
  12.92000000   0.30645692  -0.09651598
  12.94000000   0.30452661  -0.10225905
  12.96000000   0.30248142  -0.10794055
  12.98000000   0.30032261  -0.11355841
  13.00000000   0.29805144  -0.11911063
  13.02000000   0.29566923  -0.12459522
  13.04000000   0.29317733  -0.13001022
  13.06000000   0.29057712  -0.13535373
  13.08000000   0.28787005  -0.14062385
  13.10000000   0.28505757  -0.14581876
  13.12000000   0.28214120  -0.15093664
  13.14000000   0.27912246  -0.15597571
  13.16000000   0.27600295  -0.16093426
  13.18000000   0.27278426  -0.16581058
  13.20000000   0.26946805  -0.17060303
  13.22000000   0.26605599  -0.17530997
  13.24000000   0.26254979  -0.17992985
  13.26000000   0.25895120  -0.18446113
  13.28000000   0.25526197  -0.18890231
  13.30000000   0.25148393  -0.19325194
  13.32000000   0.24761889  -0.19750861
  13.34000000   0.24366872  -0.20167095
  13.36000000   0.23963530  -0.20573764
  13.38000000   0.23552054  -0.20970740
  13.40000000   0.23132640  -0.21357898
  13.42000000   0.22705482  -0.21735119
  13.44000000   0.22270779  -0.22102289
  13.46000000   0.21828733  -0.22459295
  13.48000000   0.21379548  -0.22806032
  13.50000000   0.20923427  -0.23142399
  13.52000000   0.20460579  -0.23468298
  13.54000000   0.19991213  -0.23783637
  13.56000000   0.19515540  -0.24088326
  13.58000000   0.19033774  -0.24382284
  13.60000000   0.18546128  -0.24665430
  13.62000000   0.18052819  -0.24937691
  13.64000000   0.17554066  -0.25198997
  13.66000000   0.17050086  -0.25449282
  13.68000000   0.16541100  -0.25688487
  13.70000000   0.16027330  -0.25916555
  13.72000000   0.15508999  -0.26133435
  13.74000000   0.14986331  -0.26339081
  13.76000000   0.14459549  -0.26533451
  13.78000000   0.13928880  -0.26716509
  13.80000000   0.13394550  -0.26888220
  13.82000000   0.12856785  -0.27048558
  13.84000000   0.12315814  -0.27197500
  13.86000000   0.11771864  -0.27335026
  13.88000000   0.11225164  -0.27461123
  13.90000000   0.10675941  -0.27575782
  13.92000000   0.10124426  -0.27678998
  13.94000000   0.09570846  -0.27770770
  13.96000000   0.09015430  -0.27851104
  13.98000000   0.08458408  -0.27920008
  14.00000000   0.07900008  -0.27977496
  14.02000000   0.07340458  -0.28023587
  14.04000000   0.06779986  -0.28058301
  14.06000000   0.06218820  -0.28081668
  14.08000000   0.05657187  -0.28093718
  14.10000000   0.05095313  -0.28094487
  14.12000000   0.04533423  -0.28084015
  14.14000000   0.03971742  -0.28062347
  14.16000000   0.03410496  -0.28029533
  14.18000000   0.02849905  -0.27985624
  14.20000000   0.02290192  -0.27930680
  14.22000000   0.01731579  -0.27864761
  14.24000000   0.01174284  -0.27787934
  14.26000000   0.00618525  -0.27700268
  14.28000000   0.00064520  -0.27601837
  14.30000000  -0.00487517  -0.27492720
  14.32000000  -0.01037372  -0.27372999
  14.34000000  -0.01584832  -0.27242759
  14.36000000  -0.02129687  -0.27102092
  14.38000000  -0.02671729  -0.26951090
  14.40000000  -0.03210750  -0.26789851
  14.42000000  -0.03746547  -0.26618476
  14.44000000  -0.04278917  -0.26437071
  14.46000000  -0.04807658  -0.26245745
  14.48000000  -0.05332573  -0.26044609
  14.50000000  -0.05853465  -0.25833779
  14.52000000  -0.06370141  -0.25613374
  14.54000000  -0.06882409  -0.25383518
  14.56000000  -0.07390079  -0.25144336
  14.58000000  -0.07892966  -0.24895957
  14.60000000  -0.08390885  -0.24638514
  14.62000000  -0.08883655  -0.24372142
  14.64000000  -0.09371098  -0.24096980
  14.66000000  -0.09853037  -0.23813170
  14.68000000  -0.10329301  -0.23520857
  14.70000000  -0.10799718  -0.23220188
  14.72000000  -0.11264122  -0.22911312
  14.74000000  -0.11722348  -0.22594385
  14.76000000  -0.12174236  -0.22269560
  14.78000000  -0.12619627  -0.21936997
  14.80000000  -0.13058367  -0.21596857
  14.82000000  -0.13490304  -0.21249302
  14.84000000  -0.13915290  -0.20894499
  14.86000000  -0.14333180  -0.20532615
  14.88000000  -0.14743832  -0.20163821
  14.90000000  -0.15147109  -0.19788289
  14.92000000  -0.15542875  -0.19406194
  14.94000000  -0.15930998  -0.19017711
  14.96000000  -0.16311353  -0.18623021
  14.98000000  -0.16683813  -0.18222301
  15.00000000  -0.17048259  -0.17815736
  15.02000000  -0.17404574  -0.17403508
  15.04000000  -0.17752644  -0.16985802
  15.06000000  -0.18092360  -0.16562806
  15.08000000  -0.18423616  -0.16134708
  15.10000000  -0.18746310  -0.15701697
  15.12000000  -0.19060344  -0.15263964
  15.14000000  -0.19365623  -0.14821701
  15.16000000  -0.19662057  -0.14375102
  15.18000000  -0.19949560  -0.13924360
  15.20000000  -0.20228047  -0.13469671
  15.22000000  -0.20497440  -0.13011232
  15.24000000  -0.20757665  -0.12549238
  15.26000000  -0.21008650  -0.12083888
  15.28000000  -0.21250327  -0.11615379
  15.30000000  -0.21482635  -0.11143911
  15.32000000  -0.21705513  -0.10669683
  15.34000000  -0.21918907  -0.10192894
  15.36000000  -0.22122765  -0.09713744
  15.38000000  -0.22317040  -0.09232434
  15.40000000  -0.22501688  -0.08749163
  15.42000000  -0.22676671  -0.08264133
  15.44000000  -0.22841954  -0.07777543
  15.46000000  -0.22997505  -0.07289594
  15.48000000  -0.23143297  -0.06800485
  15.50000000  -0.23279307  -0.06310417
  15.52000000  -0.23405515  -0.05819590
  15.54000000  -0.23521907  -0.05328201
  15.56000000  -0.23628471  -0.04836450
  15.58000000  -0.23725200  -0.04344535
  15.60000000  -0.23812090  -0.03852653
  15.62000000  -0.23889144  -0.03361000
  15.64000000  -0.23956364  -0.02869773
  15.66000000  -0.24013759  -0.02379167
  15.68000000  -0.24061342  -0.01889375
  15.70000000  -0.24099130  -0.01400591
  15.72000000  -0.24127142  -0.00913006
  15.74000000  -0.24145402  -0.00426811
  15.76000000  -0.24153938   0.00057804
  15.78000000  -0.24152782   0.00540652
  15.80000000  -0.24141969   0.01021545
  15.82000000  -0.24121538   0.01500298
  15.84000000  -0.24091532   0.01976728
  15.86000000  -0.24051997   0.02450651
  15.88000000  -0.24002984   0.02921889
  15.90000000  -0.23944547   0.03390261
  15.92000000  -0.23876741   0.03855591
  15.94000000  -0.23799630   0.04317703
  15.96000000  -0.23713276   0.04776425
  15.98000000  -0.23617747   0.05231585
  16.00000000  -0.23513115   0.05683013
  16.02000000  -0.23399455   0.06130544
  16.04000000  -0.23276844   0.06574011
  16.06000000  -0.23145364   0.07013251
  16.08000000  -0.23005099   0.07448106
  16.10000000  -0.22856137   0.07878415
  16.12000000  -0.22698569   0.08304024
  16.14000000  -0.22532488   0.08724780
  16.16000000  -0.22357992   0.09140530
  16.18000000  -0.22175182   0.09551128
  16.20000000  -0.21984159   0.09956427
  16.22000000  -0.21785031   0.10356285
  16.24000000  -0.21577905   0.10750560
  16.26000000  -0.21362894   0.11139116
  16.28000000  -0.21140112   0.11521817
  16.30000000  -0.20909675   0.11898532
  16.32000000  -0.20671705   0.12269132
  16.34000000  -0.20426322   0.12633489
  16.36000000  -0.20173652   0.12991482
  16.38000000  -0.19913823   0.13342989
  16.40000000  -0.19646963   0.13687893
  16.42000000  -0.19373205   0.14026081
  16.44000000  -0.19092683   0.14357441
  16.46000000  -0.18805534   0.14681865
  16.48000000  -0.18511897   0.14999248
  16.50000000  -0.18211912   0.15309489
  16.52000000  -0.17905722   0.15612489
  16.54000000  -0.17593473   0.15908154
  16.56000000  -0.17275310   0.16196390
  16.58000000  -0.16951382   0.16477111
  16.60000000  -0.16621840   0.16750230
  16.62000000  -0.16286835   0.17015666
  16.64000000  -0.15946522   0.17273340
  16.66000000  -0.15601055   0.17523177
  16.68000000  -0.15250591   0.17765106
  16.70000000  -0.14895289   0.17999057
  16.72000000  -0.14535308   0.18224967
  16.74000000  -0.14170809   0.18442773
  16.76000000  -0.13801953   0.18652418
  16.78000000  -0.13428905   0.18853847
  16.80000000  -0.13051828   0.19047010
  16.82000000  -0.12670888   0.19231859
  16.84000000  -0.12286251   0.19408349
  16.86000000  -0.11898084   0.19576441
  16.88000000  -0.11506555   0.19736096
  16.90000000  -0.11111833   0.19887283
  16.92000000  -0.10714087   0.20029971
  16.94000000  -0.10313488   0.20164133
  16.96000000  -0.09910205   0.20289746
  16.98000000  -0.09504410   0.20406791
  17.00000000  -0.09096274   0.20515252
  17.02000000  -0.08685969   0.20615116
  17.04000000  -0.08273667   0.20706375
  17.06000000  -0.07859540   0.20789023
  17.08000000  -0.07443759   0.20863058
  17.10000000  -0.07026498   0.20928481
  17.12000000  -0.06607928   0.20985297
  17.14000000  -0.06188222   0.21033514
  17.16000000  -0.05767552   0.21073145
  17.18000000  -0.05346089   0.21104203
  17.20000000  -0.04924005   0.21126708
  17.22000000  -0.04501471   0.21140681
  17.24000000  -0.04078657   0.21146148
  17.26000000  -0.03655734   0.21143137
  17.28000000  -0.03232872   0.21131679
  17.30000000  -0.02810238   0.21111809
  17.32000000  -0.02388002   0.21083567
  17.34000000  -0.01966331   0.21046993
  17.36000000  -0.01545391   0.21002131
  17.38000000  -0.01125348   0.20949031
  17.40000000  -0.00706367   0.20887741
  17.42000000  -0.00288613   0.20818318
  17.44000000   0.00127754   0.20740817
  17.46000000   0.00542570   0.20655298
  17.48000000   0.00955676   0.20561826
  17.50000000   0.01366913   0.20460465
  17.52000000   0.01776122   0.20351285
  17.54000000   0.02183148   0.20234357
  17.56000000   0.02587835   0.20109757
  17.58000000   0.02990030   0.19977561
  17.60000000   0.03389581   0.19837850
  17.62000000   0.03786338   0.19690707
  17.64000000   0.04180152   0.19536218
  17.66000000   0.04570877   0.19374470
  17.68000000   0.04958366   0.19205554
  17.70000000   0.05342477   0.19029565
  17.72000000   0.05723068   0.18846597
  17.74000000   0.06100000   0.18656749
  17.76000000   0.06473135   0.18460122
  17.78000000   0.06842338   0.18256819
  17.80000000   0.07207474   0.18046945
  17.82000000   0.07568413   0.17830608
  17.84000000   0.07925025   0.17607917
  17.86000000   0.08277184   0.17378985
  17.88000000   0.08624763   0.17143925
  17.90000000   0.08967642   0.16902854
  17.92000000   0.09305699   0.16655890
  17.94000000   0.09638817   0.16403153
  17.96000000   0.09966880   0.16144764
  17.98000000   0.10289775   0.15880847
  18.00000000   0.10607392   0.15611528
  18.02000000   0.10919622   0.15336934
  18.04000000   0.11226361   0.15057194
  18.06000000   0.11527505   0.14772438
  18.08000000   0.11822954   0.14482798
  18.10000000   0.12112610   0.14188408
  18.12000000   0.12396378   0.13889402
  18.14000000   0.12674166   0.13585917
  18.16000000   0.12945884   0.13278090
  18.18000000   0.13211446   0.12966060
  18.20000000   0.13470767   0.12649967
  18.22000000   0.13723767   0.12329952
  18.24000000   0.13970366   0.12006156
  18.26000000   0.14210489   0.11678724
  18.28000000   0.14444063   0.11347800
  18.30000000   0.14671019   0.11013527
  18.32000000   0.14891290   0.10676053
  18.34000000   0.15104811   0.10335523
  18.36000000   0.15311521   0.09992084
  18.38000000   0.15511363   0.09645886
  18.40000000   0.15704281   0.09297075
  18.42000000   0.15890222   0.08945801
  18.44000000   0.16069138   0.08592213
  18.46000000   0.16240983   0.08236462
  18.48000000   0.16405712   0.07878696
  18.50000000   0.16563286   0.07519067
  18.52000000   0.16713667   0.07157725
  18.54000000   0.16856822   0.06794821
  18.56000000   0.16992718   0.06430505
  18.58000000   0.17121328   0.06064929
  18.60000000   0.17242627   0.05698243
  18.62000000   0.17356592   0.05330597
  18.64000000   0.17463203   0.04962143
  18.66000000   0.17562446   0.04593030
  18.68000000   0.17654307   0.04223409
  18.70000000   0.17738775   0.03853429
  18.72000000   0.17815844   0.03483240
  18.74000000   0.17885508   0.03112990
  18.76000000   0.17947768   0.02742828
  18.78000000   0.18002625   0.02372902
  18.80000000   0.18050083   0.02003357
  18.82000000   0.18090150   0.01634342
  18.84000000   0.18122837   0.01266002
  18.86000000   0.18148157   0.00898481
  18.88000000   0.18166127   0.00531924
  18.90000000   0.18176765   0.00166474
  18.92000000   0.18180095  -0.00197727
  18.94000000   0.18176140  -0.00560538
  18.96000000   0.18164929  -0.00921819
  18.98000000   0.18146493  -0.01281430
  19.00000000   0.18120864  -0.01639234
  19.02000000   0.18088080  -0.01995095
  19.04000000   0.18048178  -0.02348876
  19.06000000   0.18001200  -0.02700444
  19.08000000   0.17947191  -0.03049666
  19.10000000   0.17886198  -0.03396411
  19.12000000   0.17818270  -0.03740550
  19.14000000   0.17743459  -0.04081953
  19.16000000   0.17661820  -0.04420494
  19.18000000   0.17573410  -0.04756049
  19.20000000   0.17478289  -0.05088493
  19.22000000   0.17376519  -0.05417704
  19.24000000   0.17268165  -0.05743564
  19.26000000   0.17153294  -0.06065953
  19.28000000   0.17031975  -0.06384755
  19.30000000   0.16904279  -0.06699856
  19.32000000   0.16770282  -0.07011142
  19.34000000   0.16630059  -0.07318503
  19.36000000   0.16483689  -0.07621830
  19.38000000   0.16331253  -0.07921016
  19.40000000   0.16172833  -0.08215957
  19.42000000   0.16008513  -0.08506550
  19.44000000   0.15838382  -0.08792694
  19.46000000   0.15662528  -0.09074291
  19.48000000   0.15481043  -0.09351245
  19.50000000   0.15294018  -0.09623460
  19.52000000   0.15101549  -0.09890847
  19.54000000   0.14903732  -0.10153315
  19.56000000   0.14700665  -0.10410776
  19.58000000   0.14492450  -0.10663146
  19.60000000   0.14279187  -0.10910343
  19.62000000   0.14060980  -0.11152285
  19.64000000   0.13837934  -0.11388895
  19.66000000   0.13610156  -0.11620098
  19.68000000   0.13377754  -0.11845821
  19.70000000   0.13140838  -0.12065993
  19.72000000   0.12899518  -0.12280546
  19.74000000   0.12653907  -0.12489414
  19.76000000   0.12404119  -0.12692534
  19.78000000   0.12150268  -0.12889847
  19.80000000   0.11892471  -0.13081293
  19.82000000   0.11630845  -0.13266817
  19.84000000   0.11365509  -0.13446367
  19.86000000   0.11096582  -0.13619891
  19.88000000   0.10824184  -0.13787343
  19.90000000   0.10548437  -0.13948678
  19.92000000   0.10269464  -0.14103852
  19.94000000   0.09987387  -0.14252826
  19.96000000   0.09702330  -0.14395562
  19.98000000   0.09414419  -0.14532026
  20.00000000   0.09123778  -0.14662187
